<?xml version="1.0"?>
<opencv_storage>
<calibration_Time>"Sat Feb 25 11:09:50 2017"</calibration_Time>
<nrOfFrames>7</nrOfFrames>
<image_Width>270</image_Width>
<image_Height>480</image_Height>
<board_Width>7</board_Width>
<board_Height>7</board_Height>
<square_Size>50.</square_Size>
<FixAspectRatio>1.</FixAspectRatio>
<!-- flags:  +fix_aspectRatio +fix_principal_point +zero_tangent_dist -->
<flagValue>14</flagValue>
<Camera_Matrix type_id="opencv-matrix">
  <rows>3</rows>
  <cols>3</cols>
  <dt>d</dt>
  <data>
    3.8646234390512171e+02 0. 135. 0. 3.8646234390512171e+02 240. 0. 0.
    1.</data></Camera_Matrix>
<Distortion_Coefficients type_id="opencv-matrix">
  <rows>5</rows>
  <cols>1</cols>
  <dt>d</dt>
  <data>
    -4.7183784138974827e-01 1.1524184050651897e+01 0. 0.
    -6.9745606648639253e+01</data></Distortion_Coefficients>
<Avg_Reprojection_Error>2.1893974168509578e+00</Avg_Reprojection_Error>
<Per_View_Reprojection_Errors type_id="opencv-matrix">
  <rows>7</rows>
  <cols>1</cols>
  <dt>f</dt>
  <data>
    3.72165585e+00 3.42451811e+00 2.59730911e+00 5.56505263e-01
    4.58249301e-01 6.45777822e-01 5.41706622e-01</data></Per_View_Reprojection_Errors>
<!-- a set of 6-tuples (rotation vector + translation vector) for each view -->
<Extrinsic_Parameters type_id="opencv-matrix">
  <rows>7</rows>
  <cols>6</cols>
  <dt>d</dt>
  <data>
    5.4230581482984964e-02 9.2077580818148597e-01 1.1457669192644512e-01
    -8.6223402039194724e+01 -6.9354460081957797e+01
    1.0215811571712800e+03 6.2893283337643002e-01 6.7536704487581878e-01
    1.4296695060881321e+00 9.6487661832052581e+01
    -7.2770730995009515e+01 8.5170132676998458e+02
    4.4495505882603098e-01 6.0557121521134316e-01 1.3244561605602931e+00
    6.8677338547012667e+01 -7.8851235487183018e+01
    9.2532833254052048e+02 3.2800464850003413e-01 5.3892641554322873e-01
    1.0694733874294322e+00 -1.6561330455652170e+00
    -1.1086141811333890e+02 9.5485961910166327e+02
    1.5547807841295583e-01 3.8245618292006195e-01 6.8162234648160669e-01
    -1.2003210867486111e+02 -1.2859531664338164e+02
    9.5359239257044192e+02 5.1492666579985857e-02 4.9016608304198217e-01
    3.1677152478024595e-01 -1.2278149928026195e+02
    -1.1931817716306365e+02 1.1159003824524814e+03
    -4.9650182434576845e-01 4.2233633308948071e-01
    -1.5524120760889835e+00 -1.3377507249907293e+02
    2.9205778867944082e+02 1.0864749299518521e+03</data></Extrinsic_Parameters>
<Image_points type_id="opencv-matrix">
  <rows>7</rows>
  <cols>49</cols>
  <dt>"2f"</dt>
  <data>
    1.09571793e+02 2.14314301e+02 1.09623093e+02 2.14327484e+02
    1.20245224e+02 2.16024734e+02 1.33437683e+02 2.17815643e+02
    1.50828384e+02 2.21060043e+02 1.66134796e+02 2.22764374e+02
    1.81596237e+02 2.25124619e+02 1.07653572e+02 2.33689636e+02
    1.07782578e+02 2.33703354e+02 1.19402054e+02 2.34961517e+02
    1.31292572e+02 2.38731781e+02 1.49927582e+02 2.42433136e+02
    1.64120819e+02 2.46246460e+02 1.79543259e+02 2.49211731e+02
    1.06611130e+02 2.51717178e+02 1.06684448e+02 2.51764572e+02
    1.18376434e+02 2.56712524e+02 1.28750122e+02 2.58309296e+02
    1.48278168e+02 2.64612976e+02 1.62410370e+02 2.68477661e+02
    1.77332520e+02 2.72857758e+02 1.05295425e+02 2.72369446e+02
    1.05362030e+02 2.72383453e+02 1.17183731e+02 2.75452179e+02
    1.27897842e+02 2.79883392e+02 1.46496918e+02 2.85728210e+02
    1.60586899e+02 2.91100372e+02 1.75985809e+02 2.95704865e+02
    1.04209671e+02 2.90692047e+02 1.04317116e+02 2.90706970e+02
    1.14504120e+02 2.95408203e+02 1.32332291e+02 3.01835724e+02
    1.44580734e+02 3.07162445e+02 1.58318939e+02 3.12846130e+02
    1.73560303e+02 3.19344910e+02 1.02239662e+02 3.09658813e+02
    1.02330559e+02 3.09691925e+02 1.14181915e+02 3.14456573e+02
    1.24516312e+02 3.20527832e+02 1.42596054e+02 3.28420654e+02
    1.56566895e+02 3.35144714e+02 1.72018875e+02 3.42320618e+02
    1.00376823e+02 3.27333740e+02 1.00436729e+02 3.27355713e+02
    1.11583580e+02 3.35291626e+02 1.24017365e+02 3.40674072e+02
    1.40916077e+02 3.49639771e+02 1.54773834e+02 3.57033081e+02
    1.69763870e+02 3.65169891e+02 1.79262405e+02 2.07865997e+02
    1.79647949e+02 2.30414886e+02 1.80008423e+02 2.52935776e+02
    1.81208496e+02 2.74662231e+02 1.81386215e+02 2.97700928e+02
    1.82377579e+02 3.20294312e+02 1.82647781e+02 3.43490143e+02
    1.63456818e+02 2.09919205e+02 1.63779617e+02 2.31800079e+02
    1.64449280e+02 2.53037613e+02 1.64994278e+02 2.74848206e+02
    1.64847641e+02 2.96274261e+02 1.65560181e+02 3.18316254e+02
    1.66212708e+02 3.40295227e+02 1.47997787e+02 2.12265244e+02
    1.49012253e+02 2.32288498e+02 1.49483551e+02 2.53501251e+02
    1.49764633e+02 2.74233154e+02 1.50444031e+02 2.95028076e+02
    1.50385529e+02 3.16214752e+02 1.50756760e+02 3.37529572e+02
    1.34435287e+02 2.13437912e+02 1.35115891e+02 2.33626328e+02
    1.35473862e+02 2.53422913e+02 1.36183014e+02 2.73859344e+02
    1.36683823e+02 2.93825745e+02 1.36496094e+02 3.14580750e+02
    1.36697113e+02 3.35328217e+02 1.15602402e+02 2.16068848e+02
    1.16493378e+02 2.34054321e+02 1.17756866e+02 2.54919891e+02
    1.18066818e+02 2.73222504e+02 1.17361740e+02 2.93046417e+02
    1.23430901e+02 3.12636688e+02 1.23269058e+02 3.33374573e+02
    1.04297096e+02 2.17494995e+02 1.04423576e+02 2.36055923e+02
    1.04511948e+02 2.53464859e+02 1.05334518e+02 2.73605316e+02
    1.05515511e+02 2.91760864e+02 1.05514023e+02 3.10844238e+02
    1.04807487e+02 3.28662292e+02 1.04156487e+02 2.17577515e+02
    1.04359673e+02 2.36079132e+02 1.04422569e+02 2.53459671e+02
    1.05170387e+02 2.73604675e+02 1.05404793e+02 2.91762756e+02
    1.05429893e+02 3.10834686e+02 1.04668045e+02 3.28767792e+02
    1.62914307e+02 2.07470871e+02 1.65849686e+02 2.28025681e+02
    1.68703308e+02 2.48800369e+02 1.72349594e+02 2.68865692e+02
    1.75254333e+02 2.90523651e+02 1.78726669e+02 3.11703796e+02
    1.81882889e+02 3.34056976e+02 1.47524292e+02 2.12171005e+02
    1.50321564e+02 2.32314178e+02 1.53244904e+02 2.51901474e+02
    1.56162323e+02 2.72447418e+02 1.58356018e+02 2.92694611e+02
    1.61586502e+02 3.13690125e+02 1.64617447e+02 3.34739532e+02
    1.32193649e+02 2.17201920e+02 1.35320587e+02 2.35602798e+02
    1.38118103e+02 2.55528595e+02 1.40530991e+02 2.75163818e+02
    1.43422989e+02 2.94782257e+02 1.45736893e+02 3.15225769e+02
    1.48536804e+02 3.35856018e+02 1.18367867e+02 2.20805725e+02
    1.21140305e+02 2.39710693e+02 1.23525192e+02 2.58480103e+02
    1.26391541e+02 2.77741455e+02 1.29057983e+02 2.96783386e+02
    1.31193878e+02 3.16893829e+02 1.33605103e+02 3.37264282e+02
    1.05061707e+02 2.25550507e+02 1.02004410e+02 2.43645508e+02
    1.10338165e+02 2.61927216e+02 1.12180389e+02 2.80324524e+02
    1.14628441e+02 2.99231476e+02 1.17398041e+02 3.18273682e+02
    1.19576782e+02 3.38424225e+02 8.73747559e+01 2.30608948e+02
    8.94111862e+01 2.48433899e+02 9.10565796e+01 2.65105988e+02
    9.38701248e+01 2.84422913e+02 9.60011597e+01 3.02140289e+02
    9.78482285e+01 3.20691132e+02 9.87655029e+01 3.38579681e+02
    8.71752777e+01 2.30711105e+02 8.30464172e+01 2.49581528e+02
    9.07342377e+01 2.65164459e+02 8.68400497e+01 2.85219666e+02
    8.92387009e+01 3.03404877e+02 9.07232056e+01 3.20817505e+02
    9.34045639e+01 3.40208862e+02 1.34437088e+02 1.95410919e+02
    1.41902206e+02 2.13404678e+02 1.49410599e+02 2.31853622e+02
    1.57424393e+02 2.49593262e+02 1.65374710e+02 2.68915039e+02
    1.73873550e+02 2.88233978e+02 1.82410507e+02 3.08609192e+02
    1.20225517e+02 2.05010757e+02 1.27473320e+02 2.22741669e+02
    1.34648788e+02 2.40363861e+02 1.42330231e+02 2.58678406e+02
    1.49143723e+02 2.77543213e+02 1.57430984e+02 2.96554535e+02
    1.65535629e+02 3.16106323e+02 1.05923141e+02 2.14895706e+02
    1.13302559e+02 2.31305573e+02 1.20483002e+02 2.49247131e+02
    1.27375038e+02 2.67254333e+02 1.34809021e+02 2.85186523e+02
    1.41732040e+02 3.04097687e+02 1.49586517e+02 3.23497314e+02
    9.28698883e+01 2.23408783e+02 9.97927017e+01 2.40385361e+02
