<?xml version="1.0"?>
<opencv_storage>
<calibration_Time>"Sat Feb 25 18:38:32 2017"</calibration_Time>
<nrOfFrames>18</nrOfFrames>
<image_Width>270</image_Width>
<image_Height>480</image_Height>
<board_Width>7</board_Width>
<board_Height>7</board_Height>
<square_Size>50.</square_Size>
<FixAspectRatio>1.</FixAspectRatio>
<!-- flags:  +fix_aspectRatio +fix_principal_point +zero_tangent_dist -->
<flagValue>14</flagValue>
<Camera_Matrix type_id="opencv-matrix">
  <rows>3</rows>
  <cols>3</cols>
  <dt>d</dt>
  <data>
    4.3342837410702890e+02 0. 135. 0. 4.3342837410702890e+02 240. 0. 0.
    1.</data></Camera_Matrix>
<Distortion_Coefficients type_id="opencv-matrix">
  <rows>5</rows>
  <cols>1</cols>
  <dt>d</dt>
  <data>
    3.7303918850546465e-02 2.2864412160637544e+00 0. 0.
    -1.8764637557666799e+01</data></Distortion_Coefficients>
<Avg_Reprojection_Error>1.4965902996177991e+00</Avg_Reprojection_Error>
<Per_View_Reprojection_Errors type_id="opencv-matrix">
  <rows>18</rows>
  <cols>1</cols>
  <dt>f</dt>
  <data>
    3.82293963e+00 3.48121524e+00 2.61287951e+00 4.56286639e-01
    3.39691401e-01 5.21617949e-01 3.75152051e-01 1.76395011e+00
    5.31914532e-01 7.63531148e-01 3.58874977e-01 3.67038608e-01
    3.37144375e-01 3.42909873e-01 3.71363938e-01 4.01204884e-01
    3.93072724e-01 1.04557657e+00</data></Per_View_Reprojection_Errors>
<!-- a set of 6-tuples (rotation vector + translation vector) for each view -->
<Extrinsic_Parameters type_id="opencv-matrix">
  <rows>18</rows>
  <cols>6</cols>
  <dt>d</dt>
  <data>
    6.4030293581955652e-02 9.2266310625731063e-01 1.1975226004695227e-01
    -8.5313309462991597e+01 -7.0709510043482339e+01
    1.1346835392375444e+03 6.3918387598476534e-01 6.7033502192045968e-01
    1.4330461651528159e+00 9.6715155287784413e+01
    -7.1926060107992569e+01 9.6866050818314716e+02
    4.5905868265991556e-01 6.0330247980576113e-01 1.3272469590225244e+00
    6.8755083900596929e+01 -7.8256487818358295e+01
    1.0468423296604624e+03 3.4255059597147486e-01 5.4243839099109370e-01
    1.0712582542724829e+00 -1.4435157795883111e+00
    -1.1064733849027949e+02 1.0770631074091989e+03
    1.6676382727498681e-01 3.9306108476444052e-01 6.8267882617850251e-01
    -1.1941897367143096e+02 -1.2870252678474463e+02
    1.0734835539473966e+03 5.9588628065590878e-02 4.9796374188873377e-01
    3.1826215579506412e-01 -1.2186806915150051e+02
    -1.1975885240904729e+02 1.2499939638115177e+03
    -4.9108615746867773e-01 4.3724903409450722e-01
    -1.5475424701152571e+00 -1.3279969914807756e+02
    2.9078006161392329e+02 1.2163748259717131e+03 6.6574526749642107e-02
    7.7202969296898460e-01 2.5316855003897182e-01
    -1.4694493418863848e+02 -7.4779820576875480e+01
    9.9361629255773096e+02 1.4838210244419017e-01 7.7042927499044878e-01
    3.2653037375305005e-01 -1.0256359984897648e+02
    -1.2262219250363945e+02 9.6633781864903676e+02
    1.0355533257396184e-01 6.0606230699169827e-01 4.5880578830773872e-01
    -1.2265298153782214e+02 -1.1162457536805695e+02
    1.1918206533477885e+03 1.4152212287115129e-01 5.3290414884458115e-01
    7.2708604456868697e-01 -4.3799250790990619e+01
    -1.2778047889473733e+02 1.0657081771954277e+03
    2.9513533335485431e-01 5.0349572100768181e-01 1.1980143284024156e+00
    7.6871880439267301e+01 -1.8105023153451785e+02
    9.8992971869323389e+02 3.8955878253052589e-01 4.9759962830976207e-01
    1.4833686399987576e+00 1.2450700730610824e+02
    -6.6155023002713151e+01 1.0056321120163008e+03
    4.5851661447191064e-02 5.5991311757322260e-01 3.3311665966137349e-01
    -1.0541538457852050e+02 -9.8562829607021186e+01
    1.1199720492910089e+03 1.6672109419281539e-01 5.7806470240206753e-01
    7.6652723309050785e-01 -2.0464278053790341e+01
    -1.9165086559856013e+02 1.0926667441061556e+03
    2.6789155944543636e-01 5.6806585349314997e-01 1.1580439028547933e+00
    6.2017909614468564e+01 -1.3776976099622289e+02
    1.0246615677537632e+03 -1.0157878420919711e-01
    5.8111454083762182e-01 2.6608205398211217e-02
    -1.8533452387094752e+02 -1.2686244878160109e+02
    1.2097900804589524e+03 6.5510285727049380e-02 7.6800646246510362e-01
    3.0518087968150703e-01 -1.0626246919232433e+02
    -1.0424599932264029e+02 1.0301886990761820e+03</data></Extrinsic_Parameters>
