<?xml version="1.0"?>
<opencv_storage>
<images>
guillaume/calib_dirVID_20170224_210837.mp4/out001.jpg
guillaume/calib_dirVID_20170224_210837.mp4/out002.jpg
guillaume/calib_dirVID_20170224_210837.mp4/out003.jpg
guillaume/calib_dirVID_20170224_210837.mp4/out004.jpg
guillaume/calib_dirVID_20170224_210837.mp4/out005.jpg
guillaume/calib_dirVID_20170224_210837.mp4/out006.jpg
guillaume/calib_dirVID_20170224_210837.mp4/out007.jpg
guillaume/calib_dirVID_20170224_210837.mp4/out008.jpg
guillaume/calib_dirVID_20170224_210837.mp4/out009.jpg
guillaume/calib_dirVID_20170224_210837.mp4/out010.jpg
guillaume/calib_dirVID_20170224_210837.mp4/out011.jpg
guillaume/calib_dirVID_20170224_210837.mp4/out012.jpg
guillaume/calib_dirVID_20170224_210837.mp4/out013.jpg
guillaume/calib_dirVID_20170224_210837.mp4/out014.jpg
guillaume/calib_dirVID_20170224_210837.mp4/out015.jpg
guillaume/calib_dirVID_20170224_210837.mp4/out016.jpg
guillaume/calib_dirVID_20170224_210837.mp4/out017.jpg
guillaume/calib_dirVID_20170224_210837.mp4/out018.jpg
guillaume/calib_dirVID_20170224_210837.mp4/out019.jpg
guillaume/calib_dirVID_20170224_210837.mp4/out020.jpg
guillaume/calib_dirVID_20170224_210837.mp4/out021.jpg
guillaume/calib_dirVID_20170224_210837.mp4/out022.jpg
</images>
<Number>22</Number>
</opencv_storage>
